,GCF_000172915.1,GCF_000322345.1,GCF_000322365.1,GCF_000322385.1,GCF_000322405.1,GCF_000322425.1,GCF_000322445.1,GCF_000322465.1,GCF_000328425.1,GCF_000477575.1,GCF_000479125.1,GCF_001481405.1,GCF_001545685.1,GCF_002009635.1,GCF_002562805.1,GCF_002630975.1,GCF_002630985.1,GCF_002848385.1,GCF_003020685.1,GCF_003020705.1,GCF_003020725.1,GCF_003020745.1,GCF_003020765.1,GCF_003240455.1,GCF_003284815.1,GCF_003284825.1,GCF_003332845.1,GCF_003719365.1,GCF_003957785.1,GCF_004152185.1,GCF_004152205.1,GCF_004152505.1,GCF_005234875.1,GCF_006007925.1,GCF_006375635.1,GCF_008974665.2,GCF_009733985.1,GCF_009733995.1,GCF_009734005.1,GCF_009769915.1,GCF_009769925.1,GCF_009769935.1,GCF_009769945.1,GCF_009769955.1,GCF_009769985.1,GCF_009770055.1,GCF_009770065.1,GCF_009770075.1,GCF_009770085.1,GCF_009770105.1,GCF_009770145.1,GCF_009770155.1,GCF_009770175.1,GCF_009770215.1,GCF_009770225.1,GCF_009770265.1,GCF_009770305.1,GCF_009770315.1,GCF_009770325.1,GCF_009770365.1,GCF_009770395.1,GCF_009770415.1,GCF_009770435.1,GCF_009770455.1,GCF_009770485.1,GCF_009770505.1,GCF_009770515.1,GCF_009770535.1,GCF_009770555.1,GCF_009770565.1,GCF_009770605.1,GCF_009770615.1,GCF_009770645.1,GCF_009770655.1,GCF_009770705.1,GCF_009770725.1,GCF_009770735.1,GCF_009770745.1,GCF_009770755.1,GCF_009770805.1,GCF_009770825.1,GCF_009770845.1,GCF_009770865.1,GCF_009770875.1,GCF_009770885.1,GCF_009770905.1,GCF_009770945.1,GCF_009770965.1,GCF_009791335.1,GCF_009938075.1,GCF_010120755.1,GCF_012062555.1,GCF_012070665.1,GCF_012070685.1,GCF_013179755.1,GCF_900092475.1,GCF_900178555.1,GCF_900178595.1,GCF_900178625.1,GCF_900178715.1,GCF_900178725.1,GCF_900178745.1,GCF_900178755.1,GCF_900178765.1,GCF_900178785.1,GCF_900178815.1,GCF_900178835.1,GCF_900178845.1,GCF_900178855.1,GCF_900178875.1,GCF_900178905.1,GCF_900178915.1,GCF_900178925.1,GCF_900178935.1,GCF_900178975.1,GCF_900178985.1,GCF_900179055.1,GCF_900179085.1,GCF_900179295.1,GCF_900179785.1,GCF_900179915.1,GCF_900180175.1,GCF_900332125.2,GCF_900638805.1,GCF_900639425.1,M00065,M00066,M00362,M00363,M00680,M00943,M00945,M01234,M01235,M01236,M01603,M05847,M06114_3,M07824,M810154,M810885,M86159,M910050,M910478,M910479,M910480_2,M910665_1,M910881,M910882,M910888,M911140,M911142,M911144,M911146,M911362,M911364,M911373,M911374,M911375,M911619,M911620,M911842,M912102,M912103,M912106,M91414,M93370,M93924,M94211,M94926,M94927,M95768,M96011,M96902,M97750,M97944,M97945,M98146,M98147,M98516,M98703,M98884,M98889,M99250,M99402,M99624,M99825,M99826,VREfm_AUS0085_genome,M910050_rerun,M99624_rerun
GCF_000172915.1,0,410,299,278,12,340,198,170,73,351,362,242,289,41,268,40,213,288,344,258,294,198,434,37,297,301,312,334,432,241,240,241,234,299,331,398,327,337,347,311,301,309,303,293,309,309,303,303,302,306,294,303,298,305,311,300,285,313,301,306,306,304,304,301,301,302,306,305,302,302,300,299,302,303,302,320,303,300,301,301,300,306,306,302,300,303,303,306,179,331,297,322,324,342,296,288,311,312,312,313,311,313,313,314,313,313,313,313,311,312,313,313,311,313,312,311,312,313,311,311,310,313,310,339,205,415,444,414,423,427,414,426,426,427,241,424,419,428,425,414,245,414,361,430,427,432,423,424,451,423,426,426,426,426,425,426,427,430,425,427,426,426,417,427,413,447,241,233,418,411,232,428,397,411,424,426,424,425,428,423,428,429,429,425,423,424,424,449,147,385,422
GCF_000322345.1,410,0,320,338,410,321,427,440,431,364,371,342,345,413,337,424,385,488,467,427,403,392,459,420,323,327,299,531,405,338,338,338,312,518,357,610,532,521,531,508,501,505,501,407,507,509,504,504,502,503,498,505,501,504,507,491,453,514,501,503,501,504,501,500,502,502,505,503,502,502,498,499,502,500,502,494,501,500,503,503,500,502,505,502,500,503,500,506,450,533,520,513,530,527,519,400,387,388,387,389,388,388,390,388,388,388,389,387,388,388,388,388,388,388,389,388,389,388,388,388,381,388,511,322,430,410,418,407,408,413,405,411,412,411,490,412,415,410,411,405,469,405,362,411,411,416,410,409,419,409,408,408,409,409,412,408,410,414,409,410,414,408,409,411,406,417,476,462,406,407,479,411,406,405,410,407,410,408,412,411,411,412,414,409,409,402,411,420,381,387,401
GCF_000322365.1,299,320,0,59,297,210,311,330,318,179,179,242,222,308,218,311,238,386,287,345,295,280,326,313,203,208,96,430,348,239,238,239,243,404,266,496,429,411,417,330,321,330,321,297,330,331,325,324,323,324,319,324,319,325,331,321,297,330,321,323,321,324,322,321,322,322,324,323,322,321,319,319,322,320,322,311,320,320,323,323,320,321,325,322,320,323,321,324,340,426,403,400,425,415,403,291,307,308,307,309,308,308,309,308,308,308,309,307,308,308,308,308,308,308,309,308,309,308,308,308,303,308,328,207,311,354,360,352,352,355,348,353,356,355,389,354,361,354,352,350,369,347,309,356,354,359,354,352,363,352,352,352,352,353,356,352,352,357,353,351,357,352,354,353,351,361,375,363,350,350,380,355,315,349,355,352,354,351,355,354,356,354,355,353,353,342,354,364,293,320,340
GCF_000322385.1,278,338,59,0,281,248,331,314,304,208,215,233,228,291,240,298,272,406,264,349,305,284,327,297,226,231,139,449,366,231,230,231,228,403,293,480,443,427,437,306,296,305,296,307,305,304,300,297,298,299,292,298,294,300,306,296,277,306,294,299,297,299,297,296,297,297,299,298,297,296,294,294,297,295,297,312,296,295,296,296,295,302,300,297,295,298,296,299,324,446,402,410,441,433,400,302,301,302,303,303,302,302,304,302,302,302,303,303,302,302,302,302,302,302,303,302,303,302,302,302,298,302,303,247,337,350,377,346,351,355,346,355,355,356,374,356,354,357,354,346,376,345,304,357,357,362,353,352,380,351,353,353,354,354,354,353,354,360,352,354,354,353,351,356,345,376,369,353,351,344,364,354,325,343,354,353,353,354,357,354,357,357,358,352,352,351,354,379,283,326,349
GCF_000322405.1,12,410,297,281,0,339,196,168,71,355,362,244,292,38,268,36,209,290,340,257,290,192,439,32,299,301,316,337,431,240,239,240,234,299,334,398,331,342,350,311,301,309,301,289,309,311,303,305,302,304,294,305,298,306,317,304,286,313,302,304,304,304,304,301,302,302,307,305,302,303,300,299,302,301,302,322,304,300,303,303,300,306,307,302,300,303,301,306,177,331,299,325,328,347,300,284,311,312,314,313,313,313,315,312,313,313,313,315,313,314,313,313,313,313,314,313,314,313,313,313,311,313,310,338,201,416,448,417,426,430,417,429,429,430,240,427,423,431,429,417,244,416,364,433,430,435,426,427,454,426,427,427,427,427,428,427,430,433,428,430,429,427,418,430,416,450,240,235,419,413,231,431,398,414,427,429,427,428,431,426,431,432,431,428,426,426,427,452,141,388,424
GCF_000322425.1,340,321,210,248,339,0,353,371,359,197,195,241,243,343,263,348,265,430,331,355,316,311,379,346,249,253,223,457,367,241,241,241,254,442,295,542,456,444,453,380,371,380,370,321,379,377,374,374,373,374,371,376,372,375,383,372,315,355,372,344,373,374,373,371,372,372,348,347,372,345,369,369,372,370,372,338,344,370,373,373,370,346,349,372,370,373,371,347,382,453,442,446,453,448,441,315,308,309,307,310,308,308,308,309,308,308,309,307,308,308,308,308,308,308,309,308,309,308,308,308,301,308,353,12,355,350,357,344,348,354,341,348,352,351,412,352,354,350,349,343,392,342,306,352,349,354,349,351,360,351,350,348,351,349,354,348,348,352,351,348,353,348,347,351,344,359,398,387,343,344,404,351,310,343,351,350,352,347,354,353,354,354,350,349,349,340,351,361,311,325,339
GCF_000322445.1,198,427,311,331,196,353,0,44,226,357,366,311,297,207,279,210,213,260,392,236,248,254,412,208,308,310,304,303,394,310,309,310,290,266,346,363,277,235,246,359,349,357,349,247,357,359,351,353,350,353,342,349,343,352,361,348,326,363,351,356,351,351,351,349,350,350,358,357,350,354,348,347,350,348,350,344,355,348,351,351,348,354,358,350,348,349,350,356,56,281,266,256,276,242,265,241,364,365,365,366,364,365,366,366,365,365,365,366,364,365,365,365,364,365,365,364,365,365,364,364,361,365,361,355,6,397,405,397,396,401,397,398,398,399,257,400,404,400,399,397,238,395,343,401,399,405,395,398,409,399,398,396,398,396,399,396,399,402,399,400,399,396,400,401,396,405,244,237,397,393,245,400,364,394,397,400,398,398,402,397,403,402,402,397,395,391,396,407,238,364,389
GCF_000322465.1,170,440,330,314,168,371,44,0,196,372,384,291,287,182,289,179,224,261,369,217,239,230,405,178,320,324,326,301,404,292,291,292,272,247,363,328,283,244,253,335,325,333,325,237,333,335,327,329,326,329,320,326,319,328,338,326,305,339,327,332,327,327,328,325,326,326,334,333,326,330,324,323,326,324,326,348,331,324,327,327,324,334,334,326,324,325,326,333,20,283,247,256,280,249,246,232,349,350,348,351,349,350,351,351,350,350,350,349,349,350,350,350,349,350,350,349,350,350,349,349,347,350,337,373,45,380,412,383,392,398,379,392,394,395,227,391,390,394,391,381,232,377,338,394,393,399,393,394,417,395,394,392,394,392,397,392,391,396,395,392,395,392,383,395,382,415,226,222,380,379,218,396,359,380,395,394,394,390,396,395,397,396,394,393,393,387,394,417,210,357,385
GCF_000328425.1,73,431,318,304,71,359,226,196,0,365,378,265,306,84,282,83,235,311,362,276,310,217,454,82,314,322,332,355,455,268,266,268,255,314,354,418,347,360,365,331,321,328,323,311,329,324,323,323,322,326,312,321,317,326,330,322,294,333,321,327,327,323,323,321,321,322,327,328,321,325,320,319,322,325,322,338,326,320,321,320,320,327,327,322,320,323,322,328,203,347,315,340,341,363,316,307,334,335,333,334,334,334,336,335,334,334,334,334,334,335,334,334,334,334,333,334,335,334,334,332,331,334,330,359,227,433,465,438,446,450,434,445,447,447,264,439,441,447,445,435,268,431,376,448,444,451,446,449,469,448,450,449,451,449,450,448,446,447,450,446,450,449,438,448,437,467,267,260,435,433,259,451,414,435,447,448,449,444,451,448,450,449,447,448,446,442,447,469,177,400,440
GCF_000477575.1,351,364,179,208,355,197,357,372,365,0,31,226,244,352,246,362,259,452,225,341,312,318,299,360,232,239,184,466,364,230,230,230,254,454,304,541,450,451,459,272,263,271,264,312,269,269,267,265,263,269,263,267,263,268,271,266,210,246,260,240,266,263,265,263,264,264,236,240,265,236,261,261,264,264,264,223,236,262,263,263,262,238,237,264,262,264,265,239,383,449,451,445,450,455,449,309,325,326,324,327,325,327,325,328,326,327,328,325,325,325,327,327,325,327,326,325,326,327,325,326,322,327,243,197,359,328,333,330,328,332,326,326,333,332,417,332,334,332,331,328,400,324,283,332,331,334,331,332,338,333,333,331,334,332,333,331,327,335,332,328,334,331,335,331,328,338,405,389,330,329,408,332,292,328,331,330,333,329,335,334,335,332,333,330,330,322,332,341,325,297,319
GCF_000479125.1,362,371,179,215,362,195,366,384,378,31,0,235,253,364,254,371,270,466,229,349,318,328,307,370,237,242,183,480,373,236,236,236,266,468,307,556,465,462,470,281,269,278,270,320,280,282,275,273,271,273,270,276,271,274,281,273,221,252,269,245,271,272,271,269,270,270,244,243,270,241,267,267,270,268,270,231,241,268,271,271,268,241,244,270,268,271,269,246,395,464,466,458,462,466,463,315,334,335,333,336,334,334,336,335,334,334,335,334,334,334,334,334,334,334,335,334,335,334,334,335,328,334,249,195,368,339,343,336,335,339,332,335,340,339,427,339,343,339,337,334,408,331,287,339,338,342,338,339,348,339,338,336,339,337,342,336,336,342,339,335,341,336,339,337,334,346,416,401,335,334,421,339,299,334,340,338,340,335,342,341,342,341,339,337,337,329,339,349,334,303,326
GCF_001481405.1,242,342,242,233,244,241,311,291,265,226,235,0,220,254,219,256,259,410,290,316,268,228,348,251,200,208,237,425,328,16,15,16,150,399,283,488,426,437,447,337,326,333,329,270,335,334,329,326,328,330,323,328,326,329,338,328,302,329,325,324,330,329,327,326,327,326,324,324,327,320,324,324,326,328,327,337,319,325,326,326,325,325,324,327,325,328,328,324,299,433,399,424,426,443,398,263,247,248,246,249,247,249,249,250,249,249,250,245,247,247,249,249,247,249,248,247,248,249,247,247,242,249,326,241,317,302,330,296,309,316,296,311,315,311,333,314,303,314,315,296,339,296,280,314,314,318,312,313,333,314,314,314,315,315,314,314,314,315,313,313,315,314,301,314,296,331,333,315,300,296,322,314,279,295,311,312,315,312,317,313,318,315,318,311,311,309,311,334,207,291,306
GCF_001545685.1,289,345,222,228,292,243,297,287,306,244,253,220,0,294,231,303,204,415,310,334,277,243,370,293,224,231,224,454,364,223,222,223,228,406,237,493,435,391,401,352,340,349,342,279,349,346,343,340,341,344,339,342,340,344,349,340,311,350,338,347,344,344,343,340,340,341,346,346,341,342,338,338,341,341,341,348,341,339,340,339,339,346,346,341,339,342,342,345,298,438,408,427,433,397,406,273,291,292,290,293,291,293,293,294,293,293,294,290,291,291,293,293,291,293,292,291,292,293,291,290,288,293,348,245,301,343,363,342,353,361,340,356,356,356,365,352,352,356,356,340,365,340,310,356,356,362,354,356,365,355,357,355,358,355,359,355,355,360,356,354,358,355,346,357,341,364,369,350,344,341,360,356,325,340,357,355,356,353,359,358,360,359,358,354,354,353,356,367,270,330,351
GCF_002009635.1,41,413,308,291,38,343,207,182,84,352,364,254,294,0,271,60,222,294,353,267,297,209,437,56,302,306,320,333,433,257,256,257,242,299,331,402,328,341,350,320,310,318,312,297,318,317,312,312,311,315,304,312,306,315,321,311,286,322,309,316,317,313,313,310,311,311,316,318,311,314,309,308,311,314,311,327,315,309,310,310,309,316,316,311,309,312,314,317,190,334,300,323,323,346,299,293,315,316,316,317,315,317,317,318,317,317,317,316,315,316,317,317,315,317,316,315,316,317,315,315,313,317,319,345,214,414,439,414,421,425,416,425,422,423,247,420,419,427,426,416,252,414,353,425,423,432,422,423,445,423,424,425,425,425,424,425,426,424,424,426,423,425,419,428,415,441,249,241,419,411,241,425,395,413,421,425,424,423,427,422,427,428,427,422,422,421,421,443,160,382,419
GCF_002562805.1,268,337,218,240,268,263,279,289,282,246,254,219,231,271,0,276,231,369,273,298,223,199,340,277,47,56,198,404,306,221,220,221,187,368,277,479,378,384,392,303,293,302,294,219,299,300,295,294,293,298,289,296,291,297,305,297,279,316,291,310,299,294,296,293,294,294,308,312,295,307,291,291,294,296,294,297,306,292,293,293,292,305,308,294,292,295,296,309,298,381,368,384,376,388,367,216,264,265,263,266,264,266,266,267,265,266,267,263,264,264,266,266,264,266,265,265,265,267,264,263,260,266,313,264,283,323,343,330,328,334,326,325,331,327,343,325,336,329,329,328,328,322,288,331,327,335,327,330,344,330,331,330,332,331,330,330,326,330,331,328,332,330,333,329,329,344,329,316,328,325,335,332,293,327,330,330,333,328,334,330,335,327,332,329,327,319,328,347,252,300,317
GCF_002630975.1,40,424,311,298,36,348,210,179,83,362,371,256,303,60,276,0,220,304,354,270,304,208,453,53,311,315,327,346,446,257,256,257,247,312,348,411,344,353,361,323,313,321,315,302,321,322,315,317,314,318,308,316,310,318,329,316,296,324,314,318,318,316,316,313,314,314,319,319,314,315,312,311,314,315,314,333,316,312,315,315,312,318,319,314,312,315,315,318,188,344,311,333,340,356,310,298,323,324,322,325,323,325,325,326,325,325,325,323,323,324,325,325,323,325,324,323,324,325,323,323,322,325,321,349,213,425,454,429,435,441,426,434,438,437,249,432,432,436,434,428,253,425,371,440,434,440,435,438,461,437,438,436,438,436,439,436,435,438,439,435,438,436,430,437,429,459,249,244,428,426,243,440,404,427,435,438,438,432,440,437,439,439,435,437,435,434,436,461,156,391,432
GCF_002630985.1,213,385,238,272,209,265,213,224,235,259,270,259,204,222,231,220,0,333,320,255,288,207,417,219,264,270,243,368,404,262,261,262,271,336,314,433,345,317,326,282,273,281,272,287,280,279,275,275,275,276,268,278,273,278,287,271,263,283,272,275,275,277,276,273,274,274,276,275,275,273,272,271,274,273,274,262,274,272,273,273,272,272,277,274,272,275,273,274,233,347,336,335,341,322,335,283,345,346,344,347,345,345,346,346,344,345,346,345,345,346,345,345,345,345,346,345,346,345,345,345,340,345,281,267,217,394,398,396,393,399,392,391,395,394,305,388,402,392,394,394,286,391,340,396,393,398,392,396,404,396,397,395,398,396,397,395,393,396,396,392,397,395,399,393,394,402,293,286,396,392,297,397,358,393,394,395,395,390,398,396,398,394,395,394,392,384,394,404,203,354,381
GCF_002848385.1,288,488,386,406,290,430,260,261,311,452,466,410,415,294,369,304,333,0,495,327,364,350,469,302,398,401,392,74,444,410,408,410,385,152,425,309,231,249,254,462,453,461,453,364,461,460,455,457,452,457,452,454,450,455,456,442,417,464,455,456,454,455,455,453,453,454,460,459,454,456,452,451,454,451,454,449,457,452,455,455,452,456,460,454,452,453,453,459,271,229,152,231,232,254,153,357,445,446,444,446,445,445,447,446,444,445,446,445,445,446,445,445,445,445,445,445,446,445,445,444,441,445,463,430,260,465,456,467,466,469,465,467,468,468,376,461,476,469,465,465,366,461,395,469,468,472,466,466,465,468,466,465,467,465,470,466,466,470,467,466,467,465,467,468,466,463,367,358,464,462,367,470,439,465,468,466,467,465,467,467,471,467,467,466,466,463,467,465,331,428,462
GCF_003020685.1,344,467,287,264,340,331,392,369,362,225,229,290,310,353,273,354,320,495,0,371,262,330,383,352,281,286,303,472,429,289,288,289,298,481,386,520,432,483,489,88,75,85,76,265,86,89,82,78,76,78,82,86,81,80,95,91,156,102,75,97,78,78,78,76,77,76,97,97,77,93,73,74,76,75,76,114,93,74,77,77,74,97,97,76,74,77,76,98,380,428,481,429,427,487,482,260,365,366,365,367,366,366,367,366,365,366,366,366,366,366,366,366,366,366,367,366,366,366,366,366,363,366,100,332,392,392,423,398,402,406,394,402,408,407,372,402,401,404,403,396,377,394,337,408,406,411,405,406,428,406,405,404,406,405,408,404,403,410,406,402,405,404,400,405,396,427,373,365,398,395,367,408,370,396,408,404,408,404,410,408,411,407,408,405,405,402,407,429,282,367,399
GCF_003020705.1,258,427,345,349,257,355,236,217,276,341,349,316,334,267,298,270,255,327,371,0,259,245,268,268,325,331,331,365,406,316,315,316,304,314,356,394,338,340,346,343,331,340,332,263,340,341,335,335,333,335,332,339,331,334,343,331,305,333,333,325,333,334,334,331,332,332,328,326,332,324,329,329,332,331,332,343,325,330,333,333,330,330,327,332,330,331,332,328,229,335,314,318,335,344,315,254,374,375,373,376,374,375,376,376,375,375,375,374,374,375,375,375,374,375,375,374,375,375,374,374,372,375,331,356,236,368,395,368,373,377,364,372,374,376,308,374,377,375,374,366,309,362,325,377,374,377,374,374,400,376,375,373,374,374,379,373,373,377,376,372,378,373,369,375,365,398,305,304,365,365,298,376,342,365,377,375,375,369,375,375,377,377,375,374,374,367,374,401,249,342,365
GCF_003020725.1,294,403,295,305,290,316,248,239,310,312,318,268,277,297,223,304,288,364,262,259,0,277,344,301,235,239,280,401,316,268,268,268,256,348,312,416,337,333,340,315,304,312,305,24,313,312,307,306,305,307,304,311,304,306,316,306,283,341,304,336,307,307,306,304,305,305,337,337,306,334,302,302,305,304,305,348,333,303,306,306,303,332,337,305,303,304,305,337,251,335,348,343,335,338,349,15,307,308,307,309,308,309,310,309,308,309,309,307,308,308,309,309,308,309,309,308,309,309,308,307,305,309,340,318,249,311,333,316,316,322,312,316,320,319,302,315,326,318,316,314,302,308,276,320,317,322,317,318,340,319,318,316,318,317,322,316,316,319,319,316,319,316,317,318,315,338,301,294,312,311,297,320,282,313,319,318,321,316,322,319,322,317,320,317,317,315,318,340,252,291,313
GCF_003020745.1,198,392,280,284,192,311,254,230,217,318,328,228,243,209,199,208,207,350,330,245,277,0,405,205,224,230,286,383,356,226,226,226,242,324,330,434,373,372,378,305,293,303,292,280,301,304,296,297,295,296,291,297,290,298,309,297,280,314,295,306,295,295,296,293,293,294,309,306,294,305,292,291,294,293,294,323,306,292,295,295,292,309,308,294,292,294,293,308,241,371,324,379,370,376,324,274,283,284,282,285,283,283,286,284,283,283,284,283,283,284,283,283,283,283,284,284,284,284,283,283,283,283,311,310,254,377,409,383,390,393,379,390,392,393,282,389,395,392,390,381,289,378,344,394,392,395,391,389,413,391,390,390,389,391,393,390,389,394,391,390,394,390,384,391,382,412,285,279,380,379,274,394,360,380,394,390,391,387,391,391,393,393,394,391,391,387,391,415,169,360,385
GCF_003020765.1,434,459,326,327,439,379,412,405,454,299,307,348,370,437,340,453,417,469,383,268,344,405,0,453,324,328,309,499,411,345,344,345,338,458,376,540,492,494,501,430,422,427,423,348,428,429,425,424,423,424,420,427,419,423,429,419,389,422,422,415,424,424,424,422,423,422,414,416,423,414,419,420,422,421,423,429,413,421,424,424,421,418,415,423,421,422,424,416,416,492,458,483,492,500,459,339,406,407,408,408,407,408,409,408,408,408,409,410,407,408,408,408,407,408,408,407,408,408,407,409,404,408,420,380,416,376,396,374,377,381,374,379,380,381,483,381,383,383,382,374,484,370,325,382,381,387,378,378,404,380,378,377,378,378,382,377,380,382,380,379,383,377,377,382,371,401,480,467,372,369,472,380,348,372,381,381,381,378,382,379,384,385,383,378,378,375,378,404,422,349,373
GCF_003240455.1,37,420,313,297,32,346,208,178,82,360,370,251,293,56,277,53,219,302,352,268,301,205,453,0,309,314,328,346,442,254,252,254,245,313,345,413,339,349,359,322,311,320,312,300,320,320,314,314,313,315,304,312,309,317,326,315,296,324,312,315,314,315,315,311,313,313,318,316,313,314,311,310,313,310,313,330,315,311,312,312,311,318,318,313,311,314,312,317,188,343,314,332,336,354,313,295,322,323,321,324,322,322,324,323,322,322,322,322,322,323,322,322,322,322,323,322,323,322,322,322,320,322,321,348,213,422,450,425,433,440,423,434,436,435,251,431,429,435,434,422,256,423,367,438,435,441,433,436,457,436,438,436,438,436,437,436,435,438,437,436,437,436,425,437,424,455,251,244,428,422,243,438,403,423,434,436,436,432,438,435,439,439,437,435,433,432,434,457,151,395,430
GCF_003284815.1,297,323,203,226,299,249,308,320,314,232,237,200,224,302,47,311,264,398,281,325,235,224,324,309,0,11,188,430,276,200,199,200,168,394,259,508,409,413,423,322,313,322,314,234,321,321,315,314,315,318,311,315,312,317,325,317,297,336,312,331,319,316,316,313,314,314,330,333,315,328,311,311,314,317,314,319,327,312,313,313,312,326,330,314,312,315,316,330,332,412,395,415,406,419,393,229,241,242,241,243,242,244,244,244,243,244,245,241,242,242,244,244,242,244,243,243,243,245,242,242,237,244,333,250,312,297,314,300,298,304,298,301,301,300,375,297,310,303,301,298,360,296,267,300,300,309,300,300,317,301,301,300,302,301,304,300,300,303,301,300,302,300,303,303,299,315,363,347,302,297,365,302,265,297,302,300,303,300,304,302,305,303,304,299,299,294,300,318,281,277,292
GCF_003284825.1,301,327,208,231,301,253,310,324,322,239,242,208,231,306,56,315,270,401,286,331,239,230,328,314,11,0,193,433,279,204,203,204,174,397,266,510,415,417,427,329,320,329,322,238,329,331,322,324,323,326,320,324,320,325,335,325,305,344,322,337,323,324,324,320,322,322,338,339,323,334,319,319,322,322,322,329,333,320,323,323,320,334,338,322,320,323,322,336,336,416,398,422,414,423,396,234,243,244,245,245,244,246,246,246,245,246,247,245,244,244,246,246,244,246,245,245,245,247,244,244,239,246,341,254,316,304,320,305,303,309,305,308,308,308,380,306,317,310,308,305,365,303,271,309,309,316,305,305,325,306,305,303,305,304,309,303,307,312,306,307,307,303,307,310,304,321,368,354,307,303,370,307,272,302,306,307,307,307,311,307,312,310,310,304,304,301,305,323,287,282,299
GCF_003332845.1,312,299,96,139,316,223,304,326,332,184,183,237,224,320,198,327,243,392,303,331,280,286,309,328,188,193,0,434,338,238,237,238,223,403,258,508,420,398,406,346,335,344,336,280,345,345,339,338,337,337,332,341,335,339,343,334,309,344,335,337,335,339,336,335,336,336,336,335,336,333,333,333,336,334,336,323,332,334,337,337,334,333,337,336,334,337,335,337,335,421,402,409,416,402,399,275,307,308,306,309,307,307,309,308,307,307,308,306,307,307,307,307,307,307,308,307,308,307,307,307,301,307,341,225,308,333,342,333,334,341,329,333,338,335,393,335,341,334,334,331,373,328,296,337,334,339,334,337,345,337,336,334,337,335,337,334,334,337,337,334,339,334,335,335,332,343,379,367,331,331,384,337,297,330,336,336,338,333,340,337,339,336,338,335,333,324,335,346,296,306,322
GCF_003719365.1,334,531,430,449,337,457,303,301,355,466,480,425,454,333,404,346,368,74,472,365,401,383,499,346,430,433,434,0,442,427,425,427,402,206,462,317,234,276,281,436,427,435,427,401,435,435,429,431,426,431,425,428,423,429,429,419,428,436,429,430,428,429,429,427,427,428,433,432,428,429,426,425,428,425,428,424,430,426,429,429,426,430,433,428,426,427,427,432,311,234,205,229,232,279,205,393,437,438,436,438,437,437,439,438,436,437,438,436,437,438,437,437,437,437,437,437,438,437,437,436,433,437,435,457,303,453,446,458,455,456,456,455,455,457,385,450,468,455,455,458,376,454,384,456,457,461,457,455,454,457,455,456,454,456,457,455,455,458,456,454,456,456,460,456,456,453,378,371,457,455,380,457,425,458,457,455,454,454,456,456,461,456,456,455,457,452,456,455,345,416,450
GCF_003957785.1,432,405,348,366,431,367,394,404,455,364,373,328,364,433,306,446,404,444,429,406,316,356,411,442,276,279,338,442,0,327,325,327,309,451,396,507,424,420,425,477,469,473,470,325,475,475,472,472,471,473,463,469,464,471,475,463,447,490,470,487,471,472,471,470,471,470,486,483,471,482,468,468,470,469,471,483,481,469,471,472,469,485,485,471,469,470,470,484,413,423,453,450,424,425,454,316,296,297,298,297,297,297,300,297,297,297,298,298,297,297,297,297,297,297,297,298,298,298,297,296,292,297,488,366,397,114,86,112,103,104,113,105,106,105,472,113,126,108,107,113,463,108,115,108,106,113,101,100,85,102,99,99,101,101,105,100,104,111,101,103,111,99,118,105,113,82,466,446,111,110,460,105,146,111,102,103,103,107,107,103,111,106,110,100,101,110,102,85,395,108,109
GCF_004152185.1,241,338,239,231,240,241,310,292,268,230,236,16,223,257,221,257,262,410,289,316,268,226,345,254,200,204,238,427,327,0,3,0,148,399,282,487,431,438,448,336,325,332,328,271,334,336,328,327,327,329,325,330,326,328,339,327,301,329,326,322,329,328,326,325,326,325,323,323,326,319,323,323,325,327,326,338,318,324,327,327,324,324,323,326,324,327,327,323,301,434,399,427,429,444,398,264,245,246,247,247,246,248,248,248,248,248,249,247,246,246,248,248,246,248,247,246,247,248,246,246,241,248,326,237,318,306,337,300,313,316,300,315,319,317,331,318,309,318,319,300,337,300,280,320,318,323,314,313,340,316,314,314,313,315,316,314,318,321,315,317,319,314,303,316,298,336,331,316,302,298,320,318,286,297,316,316,317,318,319,313,322,319,322,315,313,315,313,339,206,294,312
GCF_004152205.1,240,338,238,230,239,241,309,291,266,230,236,15,222,256,220,256,261,408,288,315,268,226,344,252,199,203,237,425,325,3,0,3,147,398,282,486,430,437,447,335,324,331,327,269,333,335,327,326,326,328,324,329,325,327,338,326,300,328,325,321,328,327,325,324,325,324,322,322,325,318,322,322,324,326,325,337,317,323,326,326,323,323,322,325,323,326,326,322,300,433,398,426,428,443,397,262,245,246,247,247,246,248,248,248,248,248,249,247,246,246,248,248,246,248,247,246,247,248,246,246,241,248,325,237,317,304,335,298,311,314,298,313,317,315,330,316,307,316,317,298,336,298,280,318,316,321,312,311,338,314,312,312,311,313,314,312,316,319,313,315,317,312,301,314,296,334,330,315,300,296,319,316,284,295,314,314,315,316,317,311,320,317,320,313,311,313,311,337,205,293,310
GCF_004152505.1,241,338,239,231,240,241,310,292,268,230,236,16,223,257,221,257,262,410,289,316,268,226,345,254,200,204,238,427,327,0,3,0,148,399,282,487,431,438,448,336,325,332,328,271,334,336,328,327,327,329,325,330,326,328,339,327,301,329,326,322,329,328,326,325,326,325,323,323,326,319,323,323,325,327,326,338,318,324,327,327,324,324,323,326,324,327,327,323,301,434,399,427,429,444,398,264,245,246,247,247,246,248,248,248,248,248,249,247,246,246,248,248,246,248,247,246,247,248,246,246,241,248,326,237,318,306,337,300,313,316,300,315,319,317,331,318,309,318,319,300,337,300,280,320,318,323,314,313,340,316,314,314,313,315,316,314,318,321,315,317,319,314,303,316,298,336,331,316,302,298,320,318,286,297,316,316,317,318,319,313,322,319,322,315,313,315,313,339,206,294,312
GCF_005234875.1,234,312,243,228,234,254,290,272,255,254,266,150,228,242,187,247,271,385,298,304,256,242,338,245,168,174,223,402,309,148,147,148,0,383,274,474,410,417,428,345,337,346,338,258,345,344,339,338,339,342,334,340,337,341,348,341,314,352,335,345,342,340,339,337,338,338,345,346,338,342,335,335,338,339,338,356,341,336,337,335,336,346,346,338,336,339,339,343,281,414,382,411,408,424,381,251,239,240,241,241,240,242,241,242,242,242,243,241,240,240,242,242,240,242,241,240,241,242,240,240,236,242,349,256,298,292,318,287,296,306,287,301,303,301,339,302,295,302,301,287,344,286,265,302,302,308,298,301,322,301,302,300,303,300,302,300,302,305,301,302,303,300,292,302,286,318,338,323,291,285,330,302,268,284,300,302,303,302,307,301,307,305,307,299,297,296,299,321,222,278,294
GCF_006007925.1,299,518,404,403,299,442,266,247,314,454,468,399,406,299,368,312,336,152,481,314,348,324,458,313,394,397,403,206,451,399,398,399,383,0,449,323,233,232,234,447,438,446,438,348,446,444,440,442,438,442,435,438,433,440,439,429,398,445,440,438,439,440,440,438,438,439,441,440,439,437,437,436,439,436,439,453,437,437,440,439,437,443,441,439,437,438,438,440,256,230,9,266,233,235,12,341,424,425,423,424,424,423,427,424,422,423,424,424,424,425,423,423,424,423,423,425,425,424,424,422,422,423,444,441,263,434,459,439,440,446,435,441,443,444,366,436,449,442,439,437,368,431,378,443,441,447,442,442,466,443,442,441,442,441,445,441,440,443,443,440,443,441,438,442,437,464,363,355,434,435,355,445,408,436,444,443,442,438,443,443,446,441,441,442,442,435,443,466,339,408,435
GCF_006375635.1,331,357,266,293,334,295,346,363,354,304,307,283,237,331,277,348,314,425,386,356,312,330,376,345,259,266,258,462,396,282,282,282,274,449,0,512,444,444,453,428,415,423,418,311,425,422,419,415,416,419,413,418,414,418,421,413,392,436,412,432,420,419,416,415,416,416,431,433,415,429,411,413,416,417,416,415,428,414,415,415,414,426,431,416,414,417,419,432,371,448,449,440,440,449,447,305,253,254,255,255,254,256,255,256,256,256,257,255,254,254,256,256,254,256,255,254,255,256,254,254,248,256,433,295,353,386,391,382,383,389,382,386,385,385,431,384,390,387,387,382,414,381,327,387,384,390,383,385,394,385,386,385,387,385,387,385,387,386,386,386,388,385,388,388,381,391,419,403,387,380,420,386,350,379,385,387,386,386,390,384,390,390,387,384,382,379,383,393,347,351,378
GCF_008974665.2,398,610,496,480,398,542,363,328,418,541,556,488,493,402,479,411,433,309,520,394,416,434,540,413,508,510,508,317,507,487,486,487,474,323,512,0,308,311,315,489,478,487,480,420,488,485,482,483,479,483,474,476,473,481,484,469,460,489,480,483,481,482,482,479,478,480,486,484,480,482,478,477,480,477,480,500,483,478,480,480,478,486,485,480,478,478,478,484,336,304,323,196,306,315,325,412,483,484,484,484,484,484,486,484,483,484,485,485,484,485,484,484,484,484,484,484,485,484,484,483,481,484,488,542,362,474,505,477,483,488,474,486,489,491,420,485,489,489,481,476,428,471,416,490,489,494,488,488,511,489,488,487,488,486,491,487,487,492,489,487,490,487,477,488,475,509,419,410,474,473,413,491,453,474,490,490,487,485,489,489,493,490,489,488,488,484,489,510,406,448,482
GCF_009733985.1,327,532,429,443,331,456,277,283,347,450,465,426,435,328,378,344,345,231,432,338,337,373,492,339,409,415,420,234,424,431,430,431,410,233,444,308,0,204,214,396,387,396,387,336,393,392,391,389,385,391,383,392,386,390,394,383,397,404,387,396,390,388,390,387,388,388,399,398,388,396,386,385,388,385,388,385,397,386,387,387,386,396,398,388,386,387,388,398,295,12,233,143,9,211,232,331,435,436,435,437,436,437,438,437,436,437,437,435,436,437,437,437,436,437,437,437,437,438,436,436,432,437,403,457,284,431,426,437,429,431,437,426,430,429,361,426,440,431,431,437,345,431,360,432,431,436,429,431,430,432,432,432,432,432,429,432,429,432,431,431,431,432,442,431,436,430,351,342,435,434,351,432,402,436,430,431,431,428,431,429,435,427,434,429,429,426,428,432,328,397,424
GCF_009733995.1,337,521,411,427,342,444,235,244,360,451,462,437,391,341,384,353,317,249,483,340,333,372,494,349,413,417,398,276,420,438,437,438,417,232,444,311,204,0,5,445,434,444,435,338,443,444,438,439,436,439,434,439,433,437,441,426,401,447,437,441,437,438,436,435,435,436,444,443,436,440,434,433,436,433,436,425,441,434,437,436,434,441,444,436,434,435,436,441,256,207,231,245,205,3,230,331,432,433,431,434,432,433,433,434,432,433,434,432,432,433,433,433,432,433,433,432,433,433,432,432,428,433,446,445,240,411,420,416,406,414,414,411,410,412,384,407,422,412,404,414,363,409,350,413,412,416,410,412,426,412,411,409,411,408,414,409,410,415,412,411,412,409,416,413,414,424,373,361,411,409,375,412,372,413,413,412,410,407,410,412,414,412,413,410,410,404,411,427,357,382,403
GCF_009734005.1,347,531,417,437,350,453,246,253,365,459,470,447,401,350,392,361,326,254,489,346,340,378,501,359,423,427,406,281,425,448,447,448,428,234,453,315,214,5,0,453,442,452,443,345,451,451,446,447,444,447,442,447,441,445,447,434,409,455,445,449,445,446,444,443,443,444,452,451,444,448,442,441,444,441,444,433,449,442,445,444,442,449,452,444,442,443,444,449,261,209,233,253,213,5,236,338,439,440,438,439,439,438,440,439,437,438,439,439,439,440,438,438,439,438,438,439,440,438,439,437,435,438,454,452,243,417,428,424,414,422,420,417,418,420,393,412,430,418,410,422,372,415,356,421,418,422,418,420,434,420,419,417,419,416,422,417,416,421,420,417,420,417,424,419,422,432,382,372,417,417,386,420,378,421,421,420,418,413,418,420,422,418,419,418,418,409,419,435,366,387,408
GCF_009769915.1,311,508,330,306,311,380,359,335,331,272,281,337,352,320,303,323,282,462,88,343,315,305,430,322,322,329,346,436,477,336,335,336,345,447,428,489,396,445,453,0,17,13,16,315,10,21,10,12,17,13,26,30,23,15,39,33,122,57,18,56,24,20,20,18,20,14,50,56,19,50,16,16,14,21,18,77,52,16,19,19,16,56,52,18,16,19,22,53,346,392,446,387,389,449,445,312,407,408,407,409,408,410,407,410,409,410,410,409,408,409,410,410,408,410,409,408,409,410,408,409,405,410,57,381,361,442,472,449,450,453,445,449,450,453,343,446,450,451,450,447,345,446,367,453,451,456,452,453,477,453,451,451,453,452,455,451,450,455,453,450,451,451,450,452,447,476,340,336,449,446,338,455,418,447,454,452,452,448,455,455,456,453,454,452,452,449,454,477,253,408,446
GCF_009769925.1,301,501,321,296,301,371,349,325,321,263,269,326,340,310,293,313,273,453,75,331,304,293,422,311,313,320,335,427,469,325,324,325,337,438,415,478,387,434,442,17,0,13,5,305,13,17,10,7,4,8,13,14,8,8,24,18,108,45,4,43,8,5,6,2,5,3,39,41,4,35,1,1,3,5,3,62,37,1,4,4,1,41,37,3,1,4,7,42,336,385,437,380,380,438,436,301,396,397,396,398,397,399,398,399,398,399,399,398,397,398,399,399,397,399,398,397,398,399,397,398,394,399,42,372,351,432,463,439,440,443,435,439,441,443,332,436,440,441,440,437,334,436,362,443,441,446,442,443,467,443,441,441,443,442,445,441,440,445,443,440,441,441,441,442,437,466,329,325,439,436,327,445,407,437,445,442,443,438,445,445,446,443,445,442,442,439,444,468,241,399,436
GCF_009769935.1,309,505,330,305,309,380,357,333,328,271,278,333,349,318,302,321,281,461,85,340,312,303,427,320,322,329,344,435,473,332,331,332,346,446,423,487,396,444,452,13,13,0,16,312,8,19,12,10,15,11,22,25,19,11,35,29,119,56,15,54,20,16,17,14,16,10,50,52,15,46,12,12,10,17,14,71,48,12,14,15,12,52,48,14,12,15,18,53,343,394,445,388,389,448,444,309,405,406,405,407,406,408,407,408,407,408,408,407,406,407,408,408,406,408,407,406,407,408,406,407,403,408,53,381,359,438,469,445,446,449,441,445,447,449,340,442,446,447,446,443,343,442,368,449,447,452,448,449,473,449,447,447,449,448,451,447,446,451,449,446,447,447,446,448,443,472,337,333,445,442,335,451,414,443,451,448,449,444,451,451,452,449,451,448,448,445,450,474,251,405,442
GCF_009769945.1,303,501,321,296,301,370,349,325,323,264,270,329,342,312,294,315,272,453,76,332,305,292,423,312,314,322,336,427,470,328,327,328,338,438,418,480,387,435,443,16,5,16,0,306,11,17,9,10,7,9,13,18,10,11,27,21,111,48,7,42,10,8,9,6,8,6,42,42,7,38,4,4,6,7,6,65,40,4,7,7,4,44,40,6,4,6,8,41,336,383,437,379,380,439,436,302,399,400,399,401,400,400,399,400,399,400,400,401,400,401,400,400,400,400,401,400,401,400,400,401,397,400,45,371,351,434,465,441,442,445,437,441,443,445,333,438,442,443,442,439,335,438,360,445,443,448,444,445,469,445,443,443,445,444,447,443,442,447,445,442,443,443,443,444,439,468,330,326,441,438,328,447,409,439,447,444,445,440,447,447,448,445,447,444,444,441,446,470,241,401,438
GCF_009769955.1,293,407,297,307,289,321,247,237,311,312,320,270,279,297,219,302,287,364,265,263,24,280,348,300,234,238,280,401,325,271,269,271,258,348,311,420,336,338,345,315,305,312,306,0,312,313,307,307,304,308,304,312,304,307,317,308,287,344,305,339,308,306,307,305,306,306,337,340,307,336,303,304,306,305,306,347,335,304,307,307,304,334,338,306,304,305,307,340,252,334,349,344,336,343,350,15,311,312,311,313,312,313,314,313,312,313,313,311,312,312,313,313,312,313,313,312,313,313,312,311,309,313,343,323,248,314,338,323,323,327,319,320,326,325,301,318,331,323,322,320,299,313,277,325,323,330,323,324,344,325,324,322,324,323,326,322,320,325,325,322,327,322,323,324,322,344,299,292,317,317,295,326,289,320,325,324,326,323,328,325,328,321,324,323,323,319,324,345,250,292,318
GCF_009769985.1,309,507,330,305,309,379,357,333,329,269,280,335,349,318,299,321,280,461,86,340,313,301,428,320,321,329,345,435,475,334,333,334,345,446,425,488,393,443,451,10,13,8,11,312,0,15,9,10,13,11,23,26,16,11,35,29,119,56,15,52,20,14,17,14,16,10,48,52,15,46,12,12,10,17,14,71,48,12,15,15,12,52,46,14,12,14,18,49,344,389,445,387,388,447,444,310,405,406,405,407,406,408,405,408,407,408,408,407,406,407,408,408,406,408,407,406,407,408,406,407,403,408,53,380,359,438,471,447,448,451,443,445,449,451,339,444,446,449,448,445,341,442,364,451,449,454,450,451,473,451,449,449,451,450,451,449,446,453,451,448,449,449,449,450,445,474,336,332,445,444,334,453,416,445,453,450,451,446,453,453,454,449,453,450,450,445,452,476,248,407,442
GCF_009770055.1,309,509,331,304,311,377,359,335,324,269,282,334,346,317,300,322,279,460,89,341,312,304,429,320,321,331,345,435,475,336,335,336,344,444,422,485,392,444,451,21,17,19,17,313,15,0,14,11,16,14,23,27,19,15,35,33,118,56,16,52,24,18,20,18,20,14,49,53,19,48,16,16,14,21,18,71,48,16,16,17,16,54,48,18,16,18,22,53,344,389,443,385,387,448,443,311,407,408,407,408,408,409,407,409,408,409,409,409,408,409,409,409,408,409,408,408,409,409,408,408,405,409,54,377,360,435,466,444,445,447,440,441,444,447,340,441,443,445,444,442,342,439,362,447,445,449,446,447,468,449,447,447,449,448,447,447,442,448,447,444,444,447,448,445,442,469,337,331,444,441,335,449,411,442,447,446,447,442,449,449,451,445,449,446,446,442,448,471,249,403,439
GCF_009770065.1,303,504,325,300,303,374,351,327,323,267,275,329,343,312,295,315,275,455,82,335,307,296,425,314,315,322,339,429,472,328,327,328,339,440,419,482,391,438,446,10,10,12,9,307,9,14,0,5,10,6,19,23,16,8,32,26,115,51,11,49,17,13,14,11,13,7,44,49,12,43,9,9,7,14,11,70,45,9,12,12,9,49,45,11,9,12,15,46,338,387,439,382,384,442,438,304,399,400,399,401,400,402,399,402,401,402,402,401,400,401,402,402,400,402,401,400,401,402,400,401,397,402,50,375,353,437,468,444,445,448,440,444,445,448,336,441,445,446,445,442,338,441,364,448,446,452,447,448,472,448,446,446,448,447,450,446,445,450,448,445,446,446,445,447,442,471,333,329,444,441,331,450,412,442,449,447,447,443,450,450,451,448,449,447,447,444,449,472,244,405,441
GCF_009770075.1,303,504,324,297,305,374,353,329,323,265,273,326,340,312,294,317,275,457,78,335,306,297,424,314,314,324,338,431,472,327,326,327,338,442,415,483,389,439,447,12,7,10,10,307,10,11,5,0,7,3,15,18,13,5,27,23,113,48,6,48,14,10,11,8,10,4,42,46,9,40,6,6,4,11,8,65,42,6,7,7,6,46,42,8,6,9,12,47,340,389,441,382,382,443,440,303,399,400,399,401,400,402,401,402,401,402,402,401,400,401,402,402,400,402,401,400,401,402,400,401,397,402,47,375,355,434,465,441,442,445,437,441,442,445,336,438,442,443,442,439,338,438,364,445,443,448,444,445,469,445,445,445,447,446,447,445,442,447,445,442,443,445,445,444,439,468,333,327,443,438,331,447,409,439,447,444,445,440,447,447,448,445,447,444,444,441,446,470,245,401,438
GCF_009770085.1,302,502,323,298,302,373,350,326,322,263,271,328,341,311,293,314,275,452,76,333,305,295,423,313,315,323,337,426,471,327,326,327,339,438,416,479,385,436,444,17,4,15,7,304,13,16,10,7,0,8,14,17,8,8,24,19,110,45,5,45,9,5,8,5,5,5,37,43,6,37,3,3,5,8,5,62,39,3,6,6,3,43,37,5,3,6,7,44,337,383,437,380,380,440,436,302,398,399,398,400,399,401,400,401,400,401,401,400,399,400,401,401,399,401,400,399,400,401,399,400,396,401,44,374,352,433,465,442,443,445,438,439,442,445,330,438,441,443,442,440,332,437,363,445,443,448,444,445,467,446,443,443,445,443,445,443,440,447,445,442,443,443,444,444,440,468,327,323,440,439,325,447,410,440,447,444,445,441,447,447,449,443,447,444,444,440,446,470,241,402,437
